1	0.0085551542315
2	0.0320090813093
3	0.0393416612587
4	0.010164833547
5	0.128594099735
6	0.142986889824
7	0.19590119484
8	0.19497609993
9	0.193673935592
10	0.11823143369
11	0.15146368659
12	0.0
13	0.0624942577874
14	0.0891579157323
15	0.150612089484
16	0.150917005207
17	0.203265087744
18	0.100707581245
19	0.00600290867035
20	0.0638370465679
21	0.0585037421141
22	0.12002997353
23	0.133059980724
24	0.133420137429
25	0.132372386189
26	0.0624942577874
27	0.0
28	0.0
29	0.0930877956034
30	0.0564400661485
31	0.117733510991
32	0.155892331213
33	0.156561315975
34	0.0394293017557
35	0.184881874866
36	0.252108849404
37	0.252241896916
38	0.205074425425
39	0.166085492224
40	0.0332487170782
41	0.0245561751261
42	0.0323987844522
43	0.0214697226034
44	0.0104330168628
45	0.305011618527
46	0.295385417573
47	0.302344379556
48	0.302381331177
49	0.304634465848
50	0.0
51	0.182291260609
52	0.344603174566
53	0.413192556002
54	0.35026409387
55	0.297796127803
56	0.557484314246
57	0.449080715764
58	0.427717473413
59	0.417287430462
60	0.376220393607
61	0.340956958015
62	0.271077369849
63	0.308598989077
64	0.316061587799
65	0.0642347400404
66	0.188704079975
67	0.188106554149
68	0.183767479412
69	0.148816474562
70	0.148890938808
71	0.148914204356
72	0.253004727307
73	0.104869580885
74	0.172931079729
75	0.191956320562
76	0.242783885883
77	0.0
78	0.141165551798
79	0.262712174088
80	0.11040582317
81	0.0844605403582
82	0.0
83	0.0210072516675
84	0.0225383638642
85	0.203117881586
86	0.565993017037
87	0.399538747758
88	0.332196664415
89	0.32282569047
90	0.288270103113
91	0.288223501756
92	0.136928752738
93	0.0
94	0.0
95	0.133757369479
96	0.387742999566
97	0.390280933394
98	0.0314524259366
99	0.190632703948
100	0.159497865119
101	0.292245748259
102	0.287869155554
103	0.293151987124
104	0.145119832828
105	0.0483895999512
106	0.142366989398
107	0.153017941236
108	0.1531618909
109	0.251031920764
110	0.300731038769
111	0.232202627878
112	0.200444124858
113	0.0
114	0.0390310419751
115	0.00505508120403
116	0.00138632105849
117	0.000469145063509
118	0.00101766701521
119	0.0
120	0.0
121	0.0
122	0.0
123	0.0
124	0.00101766701521
125	0.000469145063509
126	0.00138632105849
127	0.00505508120403
128	0.0390310419751
129	0.0
130	0.262329787807
131	0.277430614459
132	0.435157011724
133	0.596851264955
134	0.584392028296
135	0.69047390159
136	0.691205332913
137	0.372072313911
138	0.616339694953
139	0.506030271227
140	0.330503870953
141	0.554249295078
142	0.45815743509
143	0.258603173788
144	0.445364521422
145	0.557081211175
146	0.549081320465
147	0.545707405032
148	0.411269454858
149	0.508931549957
150	0.403331782445
151	0.426703989496
152	0.308067147543
153	0.124657160306
154	0.251663748815
155	0.160331103262
156	0.118770994603
157	0.106709010984
158	0.0
159	0.0
160	0.0412756492485
161	0.039816158012
162	0.0
163	0.0270881314485
164	0.10178521803
165	0.0998499953407
166	0.119170559337
167	0.319695077828
168	0.228343261212
169	0.23438057739
170	0.398342567301
171	0.187065927721
172	0.350825084485
173	0.2615854767
174	0.198163308927
175	0.201190069213
176	0.171131763296
177	0.0366437561086
178	0.00921189756213
179	0.00916044514957
180	0.0110060083466
181	0.0229790893551
182	0.317403434622
183	0.00692806448137
184	0.000612411333333
185	0.00044271378375
186	0.000358193787557
187	0.00139942669687
188	0.0
189	0.00720010167987
190	0.00404087034751
191	0.00828930595458
192	0.0361180770109
193	0.0
194	0.0
195	0.0
196	0.0
197	0.0
198	0.0
199	0.0
200	0.0
201	0.0
202	0.0361180770109
203	0.00828930595458
204	0.00404087034751
205	0.00720010167987
206	0.00139942669687
207	0.000358193787557
208	0.00044271378375
209	0.000612411333333
210	0.00692806448137
211	0.159737190591
212	0.0
213	0.303160296606
214	0.353442352778
215	0.0601759824314
216	0.05903270552
217	0.0160628203521
218	0.00997203942446
219	0.167167229861
220	0.304116152508
221	0.1361346876
222	0.0
223	0.0
224	0.0
225	0.0449417588808
226	0.0450174682475
227	0.0411853083956
228	0.157666244031
229	0.0229790893551
230	0.0173453824471
231	0.0157835341181
232	0.0157910727485
233	0.0196886235567
234	0.324828983954
235	0.115133568762
236	0.246375914432
237	0.28998534989
238	0.314860164195
239	0.598219941431
240	0.587062851574
241	0.45260418497
242	0.425126128991
243	0.287820080863
244	0.148210741964
245	0.146895984535
246	0.358948504614
247	0.305062021181
248	0.279942418093
249	0.257936025284
250	0.256597255966
251	0.362320124642
252	0.0776521754679
253	0.143210413835
254	0.134284512207
255	0.132286071085
256	0.136204296326
257	0.00586559016802
258	0.0
259	0.0
260	0.215990888074
261	0.389912533235
262	0.440194785752
263	0.299907319335
264	0.26722416183
265	0.251127503182
266	0.184582600975
267	0.182886639269
268	0.0485678306311
269	0.107875016009
270	0.0617913675413
271	0.062228255787
272	0.183604283011
273	0.18404177131
274	0.184486756617
275	0.203970823117
276	0.0177597137581
277	0.03423368683
278	0.0193573419798
279	0.306394954304
280	0.476898721922
281	0.476899292464
282	0.305698684026
283	0.146715362681
284	0.129448772279
285	0.0696711620515
286	0.254083195857
287	0.245077920591
288	0.515047152616
289	0.314032600848
290	0.293759722553
291	0.0745454704754
292	0.156892180513
293	0.084583916402
294	0.169477791297
295	0.169690101051
296	0.0328044031157
297	0.0985908011531
298	0.17057395373
299	0.167531457169
300	0.0932885694242
301	0.0888657227977
302	0.0
303	0.0849382599101
304	0.126928251147
305	0.137968990555
306	0.133766362606
307	0.0886283826225
308	0.0947298720999
309	0.0058971917991
310	0.221420772945
311	0.221953935117
312	0.210723397965
313	0.216268839629
314	0.29429417002
315	0.108562171955
316	0.113839579065
317	0.0453279485487
318	0.149883873191
319	0.248309180859
320	0.209436370304
321	0.240633930814
322	0.113739220618
323	0.110360437933
324	0.0936056825367
325	0.031973119225
326	0.221955479566
327	0.292898495587
328	0.171480000639
329	0.332945593171
330	0.204251401918
331	0.193262037724
332	0.0
333	0.183640530536
334	0.368612003257
335	0.510712549056
336	0.529433690178
337	0.53161607756
338	0.244332008465
339	0.334804729598
340	0.186457228788
341	0.00802019095867
342	0.0506773214749
343	0.00869281943259
344	0.00995904233816
345	0.00994700640058
346	0.00962861604597
347	0.0
348	0.0
349	0.0123548003041
350	0.0115257677565
351	0.0127841133754
352	0.0194137787767
353	0.0202539612916
354	0.021242467356
355	0.0209832203502
356	0.0119797765496
357	0.132108277424
358	0.173337901931
359	0.323815079579
360	0.165931813771
361	0.166858192968
362	0.0104689241002
363	0.0100681875743
364	0.0
365	0.158327714337
366	0.309452942887
367	0.148883072445
368	0.284018101224
369	0.020750207101
370	0.0197484624345
371	0.0159256059051
372	0.0201549054231
373	0.024007953822
374	0.0268004323975
375	0.019745896393
376	0.0197426900654
377	0.0293734436097
378	0.0241319534182
379	0.0241859351937
380	0.0273918003302
381	0.0437486851354
382	0.0
383	0.0
384	0.061455180534
385	0.14867304715
386	0.197222824163
387	0.158826545072
388	0.0
389	0.0
390	0.0
391	0.0785709407185
392	0.166192004822
393	0.28885972507
394	0.182715450534
395	0.0856923295674
396	0.0655977480521
397	0.0530347837503
398	0.305171221401
399	0.0551428524887
400	0.0565578215411
401	0.0444076025574
402	0.0778631527392
403	0.0211703638118
404	0.0
405	0.0860304861257
406	0.059939606397
407	0.0588933601227
408	0.0619946063635
409	0.0716499237279
410	0.0119760932063
411	0.0380813438464
412	0.0393915340281
413	0.03955732576
414	0.109458407118
415	0.0195633347624
416	0.0144113915346
417	0.0154464668003
418	0.0423045656182
419	0.0409923324307
420	0.0622891271898
421	0.0748684924862
422	0.0411203612077
423	0.0529273406894
424	0.0129106779657
425	0.151446051415
426	0.153725169986
427	0.0610817717718
428	0.0634454375119
429	0.0699677147705
430	0.313290635202
431	0.382352829236
432	0.337537677528
433	0.369321433412
434	0.396950217732
435	0.325916297724
436	0.0868372640598
437	0.112794781437
438	0.097509338607
439	0.291164352063
440	0.291850301233
441	0.291532152936
442	0.289495644255
443	0.0803876412661
444	0.08070358319
445	0.104035848266
446	0.028846696402
447	0.169604578094
448	0.159304619955
449	0.0665268810383
450	0.0323284906038
451	0.0117173542867
452	0.00392109966602
453	0.00906024560583
454	0.00954430733853
455	0.00916982111736
456	0.00889883663773
457	0.00316481048384
458	0.0318564116842
459	0.0
460	0.0
461	0.0
462	0.0
463	0.0
464	0.0
465	0.0
466	0.0
467	0.0
468	0.0318564116842
469	0.00808530948755
470	0.00797002739807
471	0.00815066886261
472	0.00362344943058
473	0.00314702086939
474	0.00392109966602
475	0.00534135943275
476	0.0256975258104
477	0.0
478	0.217883069917
479	0.218040081235
480	0.273579384448
481	0.329708413365
482	0.45598819236
483	0.466007192192
484	0.280302333555
485	0.175376271872
486	0.133130980404
487	0.268938244288
488	0.48290397163
489	0.461026459319
490	0.357320556491
491	0.63652318513
492	0.722152627282
493	0.513432651338
494	0.278923753265
495	0.480385722625
496	0.398788975002
497	0.397372523339
498	0.417713218918
499	0.676375692695
500	0.603806363952
501	0.363018348184
502	0.289235540418
503	0.309851234569
504	0.0314925016392
505	0.228795418009
506	0.399757796162
507	0.337293742766
508	0.483674597662
509	0.470750484005
510	0.449945730432
511	0.126119171412
512	0.298726757304
513	0.338223659451
514	0.27236653082
515	0.299288031303
516	0.307083209249
517	0.162819059818
518	0.193790259431
519	0.194577878603
520	0.284126554486
521	0.384506133386
522	0.502606371117
523	0.492748180626
524	0.398384568038
525	0.272315729353
526	0.232428422728
527	0.152620342467
528	0.10966457904
529	0.482793548879
530	0.52464223789
531	0.495717165378
532	0.0906016284761
533	0.140551328618
534	0.114136743003
535	0.121792086977
536	0.457606905805
537	0.562592672262
538	0.52035494957
539	0.129624113521
540	0.053230463634
541	0.0230656828435
542	0.117808016431
543	0.120698507023
544	0.0912539727531
545	0.225380732625
546	0.458104523326
547	0.268359029796
548	0.16580702959
549	0.46437969453
550	0.458122397138
551	0.352031474356
552	0.0775800252942
553	0.0769948786306
554	0.0678364337963
555	0.193637199193
556	0.498537666293
557	0.45215747419
558	0.445383620117
559	0.112384615757
560	0.108119767038
561	0.206464115064
562	0.166532209229
563	0.0585642006104
564	0.114410092779
565	0.214901261288
566	0.239477738406
567	0.243937062808
568	0.245185812321
569	0.126517286957
570	0.140842999588
571	0.0503093217807
572	0.134730580078
573	0.284514254081
574	0.242608971311
575	0.21116638352
576	0.186707389597
577	0.0430793741098
578	0.0424431184094
579	0.0568756267088
580	0.0636981469787
581	0.043461656777
582	0.134968556766
583	0.288624923283
584	0.515232923076
585	0.51010940333
586	0.44977222916
587	0.284577087001
588	0.161747314268
589	0.00989013881672
590	0.0192509465748
591	0.173002077845
592	0.274371691223
593	0.279589852918
594	0.0348797580894
595	0.0643870753074
596	0.0947314218909
597	0.0862315871892
598	0.0261564753277
599	0.0251657791932
600	0.0512900211283
601	0.0153135810816
602	0.0561910924461
603	0.236004306793
604	0.215678420915
605	0.0437011661815
606	0.301920891183
607	0.0808827542734
608	0.0495724073308
609	0.0463498834441
610	0.0101580296706
611	0.00983964344064
612	0.0090173810968
613	0.00379269101376
614	0.00450700510495
615	0.00510031910648
616	0.00451998631472
617	0.0
618	0.00313294117695
619	0.00278243598475
620	0.00352779503595
621	0.0
622	0.0
623	0.0
624	0.0
625	0.0
626	0.0
627	0.00352779503595
628	0.00278243598475
629	0.00313294117695
630	0.0
631	0.00451998631472
632	0.00510031910648
633	0.00450700510495
634	0.00379269101376
635	0.0090173810968
636	0.0
637	0.00983964344064
638	0.046228529409
639	0.0466313867273
640	0.0515096877753
641	0.0563874083822
642	0.172609653695
643	0.165625431007
644	0.0
645	0.156384797438
646	0.155131028816
647	0.0
648	0.0399305556589
649	0.0637625051317
650	0.0709401444018
651	0.0778954768184
652	0.086838391268
653	0.0222780038415
654	0.0360794984536
655	0.251441819532
656	0.252311387176
657	0.0822745892219
658	0.112072424436
659	0.191419065204
660	0.326230965285
661	0.552330490972
662	0.693921748456
663	0.641687831246
664	0.421545773804
665	0.462411570003
666	0.456671881638
667	0.36058110109
668	0.0736047432643
669	0.0
670	0.0
671	0.272541032911
672	0.299983740249
673	0.186087666811
674	0.248849580014
675	0.2605447758
676	0.323413350845
677	0.501484031083
678	0.168796870389
679	0.0150733656969
680	0.00474631429101
681	0.00225962020087
682	0.000647974891823
683	0.000632030065134
684	0.000837071328312
685	0.00065355245915
686	0.00325558153316
687	0.109660079121
688	0.141166298371
689	0.159263955687
690	0.28665250485
691	0.349980432014
692	0.41369458575
693	0.45444762433
694	0.425106333231
695	0.230701616492
696	0.0270055424242
697	0.0
698	0.0
699	0.242238991563
700	0.22463608526
701	0.407571830674
702	0.401059151338
703	0.336688326359
704	0.261051774428
705	0.199811377556
706	0.198281655429
707	0.175345590401
708	0.180806192693
709	0.045509256789
710	0.0
711	0.0
712	0.135654607052
713	0.123404417232
714	0.152693084853
715	0.19998665126
716	0.0451515856413
717	0.0917750236939
718	0.0570963147904
719	0.0558313534714
720	0.0469409278056
721	0.0398892935333
722	0.0
723	0.0619700217988
724	0.00107523231881
725	0.000955139408179
726	0.00169578779909
727	0.00146335653313
728	0.051798951992
729	0.0
730	0.0
731	0.0
732	0.051798951992
733	0.00146335653313
734	0.00169578779909
735	0.000955139408179
736	0.00107523231881
737	0.0274821172625
738	0.0344879045363
739	0.0668948359575
740	0.0420407271924
741	0.0123441288982
742	0.0442578435317
743	0.0792904799843
744	0.0752694194532
745	0.154132037999
746	0.157417197175
747	0.139504794789
748	0.101950534134
749	0.00325558153316
750	0.00065355245915
751	0.000837071328312
752	0.000632030065134
753	0.000647974891823
754	0.00225962020087
755	0.00809810316525
756	0.0588990843167
757	0.0556775424838
758	0.139611539953
759	0.292285652275
760	0.465631092723
761	0.301516859875
762	0.352264677272
763	0.33814916585
764	0.247254898206
765	0.182839553579
766	0.335144244475
767	0.305205586928
768	0.328581050153
769	0.342824202497
770	0.38206015498
771	0.520976978794
772	0.503767179601
773	0.491781845429
774	0.400862421072
775	0.312139420098
776	0.323206996208
777	0.287128624768
778	0.473887698792
779	0.551067039083
780	0.295299549034
781	0.0853658838322
782	0.0932131528707
783	0.141653613607
784	0.381182993945
785	0.555440670347
786	0.514766734535
787	0.41695846596
788	0.568352821381
789	0.625805028455
790	0.608241236482
791	0.575795390748
792	0.0842323544461
793	0.0677759815645
794	0.0
795	0.0799749119841
796	0.171632646448
797	0.174512458817
798	0.17491662642
799	0.091831717438
800	0.0570446020541
801	0.0534572494725
802	0.0498092463315
803	0.0252749539947
804	0.0256785904797
805	0.0205224207501
806	0.0
807	0.0609517643565
808	0.069153239055
809	0.0693028055298
810	0.208406494313
811	0.226036680333
812	0.22559186087
813	0.150842298446
814	0.0697877903259
815	0.13756947027
816	0.135091930177
817	0.339137806776
818	0.345232717776
819	0.359372329056
820	0.421106207828
821	0.341759067114
822	0.187318197302
823	0.198934052782
824	0.18466303603
825	0.131181094589
826	0.309472710875
827	0.377361403246
828	0.227034145541
829	0.245115771162
830	0.268722653507
831	0.495125828958
832	0.579831543949
833	0.58610965377
834	0.508860105704
835	0.258807895228
836	0.118982839073
837	0.00029088040392
838	5.51200372984e-05
839	0.000696072173044
840	5.09903087494e-05
841	0.000132221926259
842	1.02614374521e-05
843	3.95801384364e-06
844	9.89044666747e-06
845	0.000604649908897
846	0.00150038251332
847	0.0445991145625
848	0.0
849	0.0
850	0.0
851	0.0445991145625
852	0.00150038251332
853	0.000604649908897
854	9.89044666747e-06
855	3.95801384364e-06
856	1.02614374521e-05
857	0.000132221926259
858	5.09903087494e-05
859	0.000696072173044
860	5.51200372984e-05
861	0.00029088040392
862	0.114231347056
863	0.0
864	0.0
865	0.0
866	0.150326264607
867	0.0274641520535
868	0.00291951156426
869	0.00557323383519
870	0.0
871	0.00215091692457
872	0.000295913395917
873	3.13728230432e-05
874	2.93677263231e-05
875	0.000558546507529
876	0.0
877	0.0
878	0.0
879	0.0252592297091
880	0.00508152683431
881	0.00122582603769
882	0.0378599889439
883	0.00115033972237
884	0.0
885	0.0410364220357
886	0.0431520548961
887	0.0426795346749
888	0.0
889	0.0
890	0.0881266641001
891	0.134307461623
892	0.102719364687
893	0.0410364220357
894	0.0
895	0.0231523311315
896	0.0820139188311
897	0.0684755958161
898	0.0656800550601
899	0.0
900	0.00115033972237
901	0.0378599889439
902	0.00122582603769
903	0.00508152683431
904	0.0252592297091
905	0.0
906	0.000558546507529
907	2.93677263231e-05
908	3.13728230432e-05
909	0.000295913395917
910	0.00215091692457
911	0.00557323383519
912	0.00291951156426
913	0.0352230093324
914	0.29226443878
915	0.171315192265
916	0.229626183147
917	0.239130789922
918	0.213048379098
919	0.334647759968
920	0.108622535452
921	0.132289077153
922	0.114770176906
923	0.0443942802871
924	0.0410027329505
925	0.0
926	0.0
927	0.0
928	0.203577033212
929	0.0901521149471
930	0.0412524552971
931	0.0426526810532
932	0.0603400688077
933	0.158641127874
934	0.228823437524
935	0.00846489214754
936	0.00518317367312
937	0.00509139756714
938	0.187587235308
939	0.118622971208
940	0.0758183799621
941	0.0773239008548
942	0.0659340374898
943	0.0715776731039
944	0.330436430528
945	0.229987837015
946	0.235709438432
947	0.293847099206
948	0.311447298511
949	0.358030217468
950	0.304347627515
951	0.172712659084
952	0.112812903089
953	0.0702592214112
954	0.0929740781433
955	0.177373796389
956	0.0822182269014
957	0.171888277266
958	0.175343114583
959	0.177279456109
960	0.177522270083
961	0.178177676158
962	0.118571676365
963	0.118556371592
964	0.106288281529
965	0.0
966	0.0
967	0.0209074884199
968	0.0210688024668
969	0.0213022207029
970	0.0811112672591
971	0.102328283679
972	0.120311651883
973	0.099316082846
974	0.10095406706
975	0.114445222824
976	0.11705113206
977	0.00673638114659
978	0.00908277228584
979	0.0
980	0.0211572366619
981	0.0332037735248
982	0.0413139048978
983	0.337300168197
984	0.359866207063
985	0.34633729137
986	0.345039878572
987	0.155439101865
988	0.0692484684508
989	0.0395848657881
990	0.0482141941979
991	0.0409822099176
992	0.0283594705069
993	0.0263141026712
994	0.10574322388
995	0.131340867199
996	0.0490625462126
997	0.0488484470958
998	0.0209082395728
999	0.035616202518
1000	0.131841175131
1001	0.116854704778
1002	0.0308869124529
1003	0.0188211025581
1004	0.0409389983546
1005	0.0514013850443
1006	0.0527515864077
1007	0.0737733081644
1008	0.0803472129453
1009	0.162064721275
1010	0.130696553214
1011	0.19111641839
1012	0.434470259344
1013	0.301352784611
1014	0.371019657995
1015	0.385668410479
1016	0.100937776048
1017	0.164215148463
1018	0.173262788436
1019	0.16313870005
1020	0.418419779175
1021	0.390656270041
1022	0.269839919974
1023	0.38263859864
1024	0.332776621535
1025	0.329553936121
1026	0.174297976744
1027	0.174285251545
1028	0.174139758763
1029	0.0217268212632
1030	0.17806838243
1031	0.2020259746
1032	0.224140468746
1033	0.383087374855
1034	0.395175669401
1035	0.384912822129
1036	0.181186320113
1037	0.222936793381
1038	0.207313637888
1039	0.18291673595
1040	0.183287128709
1041	0.024960800183
1042	0.0468067136934
1043	0.210560529902
1044	0.412630579833
1045	0.427743402464
1046	0.384866476784
1047	0.133082764666
1048	0.333741957444
1049	0.359677940864
1050	0.228680990829
1051	0.151911759026
1052	0.202414145118
1053	0.411533091457
1054	0.246735463245
1055	0.219998444939
1056	0.197347466805
1057	0.0269643922209
1058	0.199451184392
1059	0.242141187914
1060	0.378835377752
1061	0.185377182987
1062	0.180516623471
1063	0.304218548997
1064	0.298790836902
1065	0.170346238253
1066	0.17021174167
1067	0.150756897349
1068	0.157173253916
1069	0.134127850246
1070	0.331288942954
1071	0.171558689436
1072	0.283074221647
1073	0.263517402682
1074	0.23815495767
1075	0.14552509156
1076	0.135156315247
1077	0.242454292244
1078	0.220032680276
1079	0.167755351623
1080	0.20912402142
1081	0.0363824054569
1082	0.110161296995
1083	0.0584186132414
1084	0.0522531083035
1085	0.133563446003
1086	0.0849206671524
1087	0.150595008047
1088	0.195276812176
1089	0.205895946699
1090	0.178755103061
1091	0.182856756842
1092	0.184860484194
1093	0.12751616514
1094	0.0154667840885
1095	0.23056587842
1096	0.24426533391
1097	0.154721901932
1098	0.28311991524
1099	0.171797090373
1100	0.0304314869264
1101	0.0176493677884
1102	0.0188105130162
1103	0.0222164581092
1104	0.0040905970292
1105	0.0
1106	0.0162917959213
1107	0.0160385014029
1108	0.0148110313851
1109	0.0
1110	0.0458261647319
1111	0.0639898401491
1112	0.0605695376352
1113	0.0597469163217
1114	0.0141396910051
1115	0.0602660439721
1116	0.22794558334
1117	0.210940743619
1118	0.344182599335
1119	0.340397884099
1120	0.272601181791
1121	0.0753488398243
1122	0.0
1123	0.0
1124	0.0645003871086
1125	0.235511691635
1126	0.258640777576
1127	0.187287844209
1128	0.0861136018635
1129	0.0218778703002
1130	0.0
1131	0.176639474948
1132	0.175703406668
1133	0.175491460486
1134	0.183969089836
1135	0.121400326072
1136	0.121379427709
1137	0.121177277969
1138	0.179587018904
1139	0.0510536207696
1140	0.171965982679
1141	0.174561592318
1142	0.117744418865
1143	0.111152630206
1144	0.0162115110782
1145	0.0
1146	0.111514776576
1147	0.173516671607
1148	0.171276404468
1149	0.171127822001
1150	0.0594395908557
1151	0.113968223886
1152	0.114654660708
1153	0.114399530241
1154	0.176473745065
1155	0.166386675692
1156	0.162230703702
1157	0.154003618992
1158	0.0991870131293
1159	0.0992493861783
1160	0.136696879292
1161	0.12961106796
1162	0.0
1163	0.0
1164	0.0
1165	0.0
1166	0.0
1167	0.0389312389818
1168	0.228118343537
1169	0.198110452233
1170	0.372369450087
1171	0.392855769874
1172	0.392090047785
1173	0.340837869292
1174	0.310749083106
1175	0.0
1176	0.0659392014706
1177	0.0740495060871
1178	0.0173730471135
1179	0.0
1180	0.140001267602
1181	0.140234891364
1182	0.0885977714949
1183	0.0882370868044
1184	0.219753652242
1185	0.288994461336
1186	0.287736741023
1187	0.140762404973
1188	0.023246755564
1189	0.0219338669219
1190	0.0
1191	0.0
1192	0.140762404973
1193	0.166870865421
1194	0.326577019127
1195	0.181543751298
1196	0.181540907116
1197	0.157104089409
1198	0.0
1199	0.0149731613197
1200	0.176373947127
1201	0.175987403244
1202	0.346690623192
1203	0.335963782034
1204	0.336272416102
1205	0.336182878145
1206	0.298019244068
1207	0.229616502619
1208	0.0780508644446
1209	0.216898848669
1210	0.216955637684
1211	0.447472965519
1212	0.273271264733
1213	0.269505336222
1214	0.119710244502
1215	0.143880934404
1216	0.122915161884
1217	0.0
1218	0.0
1219	0.0177291618497
1220	0.286913337424
1221	0.291061084187
1222	0.309535248335
1223	0.257971417837
1224	0.234516784776
1225	0.249747318979
1226	0.147978828426
1227	0.145546204988
1228	0.186556244204
1229	0.0
1230	0.0
1231	0.0
1232	0.0266522098776
1233	0.0210292037815
1234	0.0143957569951
1235	0.0218356405781
1236	0.0134257523847
1237	0.026568761681
1238	0.020294355969
1239	0.0
1240	0.0147880618373
1241	0.00104914183129
1242	0.00129056539568
1243	0.00177387820785
1244	0.00156807419489
1245	0.0294827661907
1246	0.0
1247	0.0259816792378
1248	0.0553198818563
1249	0.0531365065571
1250	0.0627024929993
1251	0.0423189570528
1252	0.0310560186675
1253	0.0
1254	0.0
1255	0.0259250722187
1256	0.0505402993605
1257	0.0607457667609
1258	0.0964113258824
1259	0.0368930721482
1260	0.0
1261	0.0
1262	0.0294827661907
1263	0.00156807419489
1264	0.00177387820785
1265	0.00129056539568
1266	0.00104914183129
1267	0.0147880618373
1268	0.0260275162276
1269	0.0211138694553
1270	0.0223491978317
1271	0.0212137955676
1272	0.013547921688
1273	0.0197915420976
1274	0.153904061532
1275	0.266708945478
1276	0.266875331396
1277	0.26107221879
1278	0.27885899136
1279	0.157211454171
1280	0.30583843333
1281	0.322513365172
1282	0.330411848857
1283	0.235291593518
1284	0.226636646974
1285	0.102508548998
1286	0.168656655521
1287	0.17326347125
1288	0.151274454456
1289	0.132076972805
1290	0.120813627465
1291	0.157988411474
1292	0.158335673511
1293	0.260842825282
1294	0.244023774429
1295	0.243798340943
1296	0.109973142653
1297	0.160618361559
1298	0.152525404162
1299	0.0
1300	0.0166419952612
1301	0.146326754233
1302	0.266294337937
1303	0.256856114312
1304	0.301270629803
1305	0.169793748937
1306	0.161094075047
1307	0.0
1308	0.130251822345
1309	0.132506989177
1310	0.130325530314
1311	0.244488903993
1312	0.123782019763
1313	0.0157097238947
1314	0.00712115601227
1315	0.00205688045124
1316	0.0012215519647
1317	0.00138274288484
1318	0.00244303216806
1319	0.0
1320	0.0255156946376
1321	0.0188524219347
1322	0.0256116056442
1323	0.147857213613
1324	0.176904149103
1325	0.0788072949325
1326	0.00659043637393
1327	0.0555327707414
1328	0.0
1329	0.0
1330	0.0
1331	0.0
1332	0.0
1333	0.0
1334	0.0555327707414
1335	0.00659043637393
1336	0.0200984906478
1337	0.116084851345
1338	0.145139707686
1339	0.147857213613
1340	0.0188524219347
1341	0.0255156946376
1342	0.0
1343	0.0
1344	0.0
1345	0.00244303216806
1346	0.00138274288484
1347	0.0012215519647
1348	0.00205688045124
1349	0.0223667945845
1350	0.0446286710318
1351	0.094658525043
1352	0.114574663575
1353	0.206512469591
1354	0.182689151705
1355	0.0534495530389
1356	0.0534850479171
1357	0.0117099494347
1358	0.0423643503507
1359	0.0288974179755
1360	0.0259750485165
1361	0.0642408951875
1362	0.101054301958
1363	0.1641109052
1364	0.331562330984
1365	0.0367093831989
1366	0.186476385457
1367	0.145962012226
1368	0.0584009303568
1369	0.0190756426976
1370	0.0018815461545
1371	0.000270957758984
1372	0.000415933295932
1373	4.56912962985e-05
1374	0.000302091628298
1375	0.000484070275241
1376	0.000555789338995
1377	0.000893565265623
1378	0.00689309510187
1379	0.0358497996802
1380	0.0255559478085
1381	0.0257911196804
1382	0.0396306326083
1383	0.0338691695937
1384	0.088004297297
1385	0.0
1386	0.0
1387	0.0
1388	0.0402644033554
1389	0.127466059486
1390	0.0698624697247
1391	0.0
1392	0.0
1393	0.0
1394	0.0
1395	0.0
1396	0.0842390146811
1397	0.135981947941
1398	0.0942056237499
1399	0.0255559478085
1400	0.0
1401	0.088004297297
1402	0.00868171032881
1403	0.0137755577473
1404	0.0
1405	0.0358497996802
1406	0.00689309510187
1407	0.000893565265623
1408	0.000555789338995
1409	0.000484070275241
1410	0.000302091628298
1411	4.56912962985e-05
1412	0.000415933295932
1413	0.000270957758984
1414	0.0018815461545
1415	0.0190756426976
1416	0.128431250836
1417	0.362473886428
1418	0.174733258515
1419	0.13403612815
1420	0.0766733098947
1421	0.0744426510562
1422	0.0774321499976
1423	0.146097701495
1424	0.172627799229
1425	0.249285376906
1426	0.278874930635
1427	0.272241936975
1428	0.216058836902
1429	0.182774807909
1430	0.218588589882
1431	0.0798986292541
1432	0.102672423585
1433	0.246503319811
1434	0.191801162579
1435	0.18439687373
1436	0.285345432746
1437	0.190281839209
1438	0.239315481315
1439	0.255668840871
1440	0.0158793995972
1441	0.00301592256294
1442	0.000389963464953
1443	0.000542164123288
1444	0.000483872416428
1445	0.000278324773843
1446	0.00161518752545
1447	0.0102141033025
1448	0.0
1449	0.0255139887479
1450	0.0212388780997
1451	0.0
1452	0.0
1453	0.0
1454	0.0
1455	0.0212388780997
1456	0.0255139887479
1457	0.0
1458	0.0
1459	0.0102141033025
1460	0.00161518752545
1461	0.000278324773843
1462	0.000483872416428
1463	0.000542164123288
1464	0.000389963464953
1465	0.00301592256294
1466	0.0158793995972
1467	0.0929004189799
1468	0.126462445868
1469	0.345099439588
1470	0.200332503284
1471	0.163157320089
1472	0.114356200953
1473	0.0885172439135
1474	0.0747733001406
1475	0.0172233770863
1476	0.0708277559181
1477	0.129363528028
1478	0.115070832171
1479	0.0608066567574
1480	0.060718063489
1481	0.261717550981
1482	0.276495691066
1483	0.0237922065705
1484	0.0666862308174
1485	0.0672391306416
1486	0.10914728538
1487	0.050975747436
1488	0.0319034493892
1489	0.176222496283
1490	0.16935553674
1491	0.0929751573063
1492	0.0859831610058
1493	0.16178771593
1494	0.150933574625
1495	0.100771187038
1496	0.024516565858
1497	0.175539351891
1498	0.137481696902
1499	0.0945323206709
1500	0.0621278352451
1501	0.152675933857
1502	0.115117166987
1503	0.108682466201
1504	0.0365605563998
1505	0.0421363213559
1506	0.0339084388977
1507	0.0341617743798
1508	0.0345555605222
1509	0.033340872604
1510	0.00937137358008
1511	0.00916595959721
1512	0.0339672137204
1513	0.0365345246408
1514	0.0245696708802
1515	0.0965752967027
1516	0.0962164481484
1517	0.0245608232586
1518	0.0354585922188
1519	0.0367722905145
1520	0.0576724256243
1521	0.0243077307496
1522	0.019244618442
1523	0.0
1524	0.00705568032126
1525	0.0482718937587
1526	0.0133355424398
1527	0.02674682645
1528	0.0381398072495
1529	0.0229920172447
1530	0.0
1531	0.203365565717
1532	0.229301680634
1533	0.0845669421313
1534	0.24925486815
1535	0.224115398907
1536	0.463096663619
1537	0.539707199442
1538	0.570166555106
1539	0.604144916176
1540	0.603530233643
1541	0.300759941499
1542	0.411105115005
1543	0.292265804687
1544	0.136018152373
1545	0.205986637548
1546	0.336313158283
1547	0.501517128324
1548	0.558902927757
1549	0.309327878532
1550	0.296381674051
1551	0.42138059907
1552	0.289728238053
1553	0.592459417702
1554	0.459351668101
1555	0.39017214759
1556	0.111512135413
1557	0.117140691037
1558	0.145135161548
1559	0.148493536794
1560	0.148957336116
1561	0.158726769801
1562	0.0
1563	0.208276345565
1564	0.237198316435
1565	0.141660926952
1566	0.0
1567	0.233130158823
1568	0.391722825588
1569	0.421691043453
1570	0.303374281253
1571	0.116188595051
1572	0.117140691037
1573	0.0
1574	0.385007080245
1575	0.500260100532
1576	0.476827019092
1577	0.157258075741
1578	0.159104313997
1579	0.00651464039954
1580	0.159574877808
1581	0.184393000622
1582	0.243317009749
1583	0.527995778637
1584	0.337855185142
1585	0.502752825397
1586	0.215601649843
1587	0.400656750643
1588	0.427428083144
1589	0.20310366707
1590	0.118306021487
1591	0.177542873025
1592	0.332252502083
1593	0.251632902839
1594	0.330700767146
1595	0.199258911214
1596	0.209659768473
1597	0.473210162256
1598	0.473464292153
1599	0.317474937599
1600	0.159630216358
1601	0.0318778294649
1602	0.0313928018273
1603	0.227458896311
1604	0.393950899452
1605	0.491184650235
1606	0.244299792763
1607	0.366573655153
1608	0.353677088694
1609	0.0955551106761
1610	0.0
1611	0.0364440615595
1612	0.0339909497499
1613	0.0336404646647
1614	0.0334356111597
1615	0.0314893542938
1616	0.00973942577519
1617	0.00920636145683
1618	0.00892861697588
1619	0.0176726938091
1620	0.0188558707824
1621	0.106395705894
1622	0.119176056137
1623	0.0234294920655
1624	0.0230685720147
1625	0.130141482514
1626	0.12759237778
1627	0.132176207211
1628	0.0136845949444
1629	0.0854205309758
1630	0.0717480633143
1631	0.100103075257
1632	0.102615003376
1633	0.15236031598
1634	0.26147763888
1635	0.236355222173
1636	0.0849389826493
1637	0.0347682987412
1638	0.0675479352988
1639	0.098412881371
1640	0.0676574899288
1641	0.0708123254607
1642	0.0594581798249
1643	0.150865740543
1644	0.151337463293
1645	0.0
1646	0.0
1647	0.0162409407296
1648	0.0164474927262
1649	0.247335300523
1650	0.225090491513
1651	0.170247925397
1652	0.170209514386
1653	0.169644295856
1654	0.0576586624031
1655	0.0
1656	0.0
1657	0.182782763003
1658	0.185376778493
1659	0.190584420991
1660	0.232352029149
1661	0.129050706417
1662	0.311259994095
1663	0.383808038581
1664	0.373809636081
1665	0.356929823219
1666	0.352168191186
1667	0.248438117709
1668	0.428367391271
1669	0.369999795481
1670	0.16884055037
1671	0.498810347913
1672	0.470651261554
1673	0.39438356652
1674	0.554025174777
1675	0.553821586271
1676	0.522695975579
1677	0.401451493648
1678	0.304621636819
1679	0.121482165829
1680	0.227770739065
1681	0.0961194795444
1682	0.0
1683	0.0
1684	0.0
1685	0.0
1686	0.0
1687	0.0
1688	0.0
1689	0.0
1690	0.0
1691	0.0
1692	0.0
1693	0.0
1694	0.0
1695	0.0
1696	0.0
1697	0.0
1698	0.0
1699	0.0
1700	0.0
1701	0.0
1702	0.0
1703	0.0
1704	0.0
1705	0.0
1706	0.0
1707	0.0
1708	0.0
1709	0.0
1710	0.0
1711	0.0
1712	0.0
1713	0.0
